id;flux_topology_id;month;year;amount;acc_amount;last_update_invoice
111;34;JANUARY;2019;15;15;1555317203
112;34;FEBRUARY;2019;10;25;1555317203
113;34;MARCH;2019;5;30;1555317203
114;34;APRIL;2019;1.5;31.5;1555317203
115;35;JANUARY;2019;2;2;1555317203
116;35;FEBRUARY;2019;8;10;1555317203
117;35;MARCH;2019;5;15;1555317203
118;35;APRIL;2019;4;19;1555317203
119;36;JANUARY;2019;5;5;1555317203
120;36;FEBRUARY;2019;10;15;1555317203
121;36;MARCH;2019;11;26;1555317203
122;36;APRIL;2019;1;27;1555317203
